error: 0.00000230823464186791, n: 11, k: 1, d: 3
 [0 1 0 0 0 0 0 0 0 0 0 0 0 1 0 0 1 0 0 0 0 0]
 [0 0 1 0 0 1 0 0 0 0 0 0 0 0 1 1 0 0 0 0 0 0]
 [0 0 0 1 0 1 0 0 0 0 0 0 1 1 0 0 0 1 1 1 1 1]
 [0 0 0 0 1 1 0 0 0 0 0 0 1 0 1 1 1 1 1 1 1 1]
 [0 0 0 0 0 0 1 0 0 0 1 0 0 0 0 0 0 1 1 0 1 1]
 [0 0 0 0 0 0 0 1 0 0 1 0 0 0 0 0 0 0 0 1 1 0]
 [0 0 0 0 0 0 0 0 1 0 1 0 0 0 0 0 0 1 1 0 0 0]
 [0 0 0 0 0 0 0 0 0 1 1 0 0 0 0 0 0 1 0 1 1 1]
 [1 0 0 0 0 1 0 0 0 0 1 0 1 1 0 1 1 0 1 1 0 1]
 [0 0 0 0 0 0 0 0 0 0 0 1 0 1 1 1 1 0 0 0 0 0]
[IXZIIZIIIII, IIXZZXIIIII, IZZXIXZZZZZ, IZIZYYZZZZZ, IIIIIIYZIZY, IIIIIIIXZZX, IIIIIIZZXIX, IIIIIIZIZYY, XZZIZYIZZIY, ZIZZZZIIIII]

error: 0.00000198892639280412, n: 11, k: 1, d: 3
 [0 1 0 0 0 0 1 0 0 0 1 0 1 0 1 1 0 1 0 1 0 0]
 [0 0 1 0 0 0 1 0 0 0 0 0 0 1 1 0 1 1 0 0 0 0]
 [0 0 0 1 0 0 1 0 0 0 0 0 0 0 0 1 1 0 0 0 0 0]
 [0 0 0 0 1 0 1 0 0 0 0 0 0 1 1 0 0 0 0 0 0 0]
 [0 0 0 0 0 1 1 0 0 0 0 0 0 1 0 1 1 1 0 0 0 0]
 [0 0 0 0 0 0 0 1 0 0 1 0 0 0 0 0 0 0 0 1 1 0]
 [0 0 0 0 0 0 0 0 1 0 1 0 1 1 1 1 1 1 0 1 1 1]
 [0 0 0 0 0 0 0 0 0 1 1 0 1 1 1 1 1 1 1 0 0 0]
 [1 0 0 0 0 0 1 0 0 0 1 0 1 0 1 1 0 1 1 1 0 1]
 [0 0 0 0 0 0 0 0 0 0 0 1 1 0 0 0 0 0 1 1 1 1]
[IYIZZIYIZIX, IIYZIZYIIII, IIIXZZXIIII, IIZZXIXIIII, IIZIZYYIIII, IIIIIIIXZZX, IZZZZZZIYZY, IZZZZZZZIXX, XZIZZIYZZIY, ZZIIIIIZZZZ]