n: 8, d: 3, rW: 4, cW: 3 error: 0.000101001437317061
[XZZXIIII, ZXZIIIII, IZXZIIII, IIIIXZZX, IIIIZXZI, IIIIIZXZ]
[[1 0 0 1 0 0 0 0 0 1 1 0 0 0 0 0]
 [0 1 0 0 0 0 0 0 1 0 1 0 0 0 0 0]
 [0 0 1 0 0 0 0 0 0 1 0 1 0 0 0 0]
 [0 0 0 0 1 0 0 1 0 0 0 0 0 1 1 0]
 [0 0 0 0 0 1 0 0 0 0 0 0 1 0 1 0]
 [0 0 0 0 0 0 1 0 0 0 0 0 0 1 0 1]]

 n: 8, d: 3, rW: 5, cW: 4 error: 0.0000728654547645924
[XZZXIIII, ZXZIIIXX, IZXZIIXX, IIIIXZXX, IIIIIYIZ, IIIIZIZI]
[[1 0 0 1 0 0 0 0 0 1 1 0 0 0 0 0]
 [0 1 0 0 0 0 1 1 1 0 1 0 0 0 0 0]
 [0 0 1 0 0 0 1 1 0 1 0 1 0 0 0 0]
 [0 0 0 0 1 0 1 1 0 0 0 0 0 1 0 0]
 [0 0 0 0 0 1 0 0 0 0 0 0 0 1 0 1]
 [0 0 0 0 0 0 0 0 0 0 0 0 1 0 1 0]]