0 2 2 6 0
[1, 1, 1, 5, 26, 46, 94, 286, 465, 945, 1105, 749, 356, 16] [1, 1, 1, 21, 46, 146, 386, 1178, 2253, 3813, 
4125, 2737, 1380, 296]
distance: 3
0 2 2 6 4
[1, 1, 1, 5, 26, 46, 94, 286, 465, 945, 1105, 749, 356, 16] [1, 1, 1, 21, 46, 146, 386, 1178, 2253, 3813, 
4125, 2737, 1380, 296]
distance: 3
0 2 2 7 0
[1, 1, 1, 7, 20, 48, 108, 244, 523, 911, 1099, 797, 296, 40] [1, 1, 1, 20, 51, 136, 434, 1128, 2335, 3649, 4053, 3004, 1317, 254]
distance: 3
0 2 2 7 4
[1, 1, 1, 7, 20, 48, 108, 244, 523, 911, 1099, 797, 296, 40] [1, 1, 1, 20, 51, 136, 434, 1128, 2335, 3649, 4053, 3004, 1317, 254]
distance: 3
0 2 2 8 0

0 3 7 1 0
[1, 0, 0, 8, 22, 24, 68, 184, 449, 856, 1108, 928, 400, 48] [1, 0, 0, 19, 38, 116, 284, 778, 1913, 3500, 4380, 3419, 1576, 360]
distance: 3

0 3 8 1 0
[1, 0, 0, 8, 22, 24, 68, 184, 449, 856, 1108, 928, 400, 48] [1, 0, 0, 19, 38, 116, 284, 778, 1913, 3500, 4380, 3419, 1576, 360]
distance: 3
0 3 8 1 4
[1, 0, 0, 8, 22, 24, 68, 184, 449, 856, 1108, 928, 400, 48] [1, 0, 0, 19, 38, 116, 284, 778, 1913, 3500, 4380, 3419, 1576, 360]
distance: 3