11 1 5 5.09223312739060E-7
13 1 5 4.5957403538299246e-07
15 1 5 4.14765571055131E-7
23 1 5 error: 3.789549785082613e-10
9 1 3 error: 0.0002198859009144849, d: 3, rowW: 4, colW: 4
8 1 3 error: 0.00023145884306741138, n:8, d: 3, rowW: 4, colW: 4
7 1 3 error: 0.0006689779811013263, n:7, d: 3, rowW: 4, colW: 6

5
(0.7127921656643149, 0.4246264340783029)
6
(0.7355213823006131, 0.42462643407830325)
7
(0.8516628928484717, 0.4881280024019543)
8
(0.7769088689908248, 0.42462643407830303)
9
(0.7951527199648429, 0.42462643407830303)
10
(0.8798530651292554, 0.5742542419170156)
11
(0.8964387795268701, 0.6386355494208021)
12
(0.9044927040981932, 0.6386355494208017)


5
(0.029099418826459514, 0.0002645835289114551, 0.00035940682817270364)
6
(0.031203657079706536, 0.0002541835556698624, 0.00035940682817270364)
7
(0.04781976837770211, 0.0006967377143463072, 0.0010794682960797441)
8
(0.036654644332765475, 0.00023459391472979707, 0.00035940682817214853)
9
(0.03994110941774865, 0.0002253727419460061, 0.0003594068281720375)
10
(0.030181269933675255, 1.2530960642243016e-5, 2.673085548887677e-5)
11
(0.01950517091313374, 1.2193198654641968e-6, 2.8466110361113905e-6)
12
(0.024041208453661134, 1.1713921125866555e-6, 2.8466110360003682e-6)
13
(0.02879795122206144, 1.1253482537498805e-6, 2.8466110356673013e-6)

ours
5
(0.02301425607609709, 0.00016027163082243945)
6
(0.02234421502326747, 0.0001080038139049666)
7
(0.022057868547205716, 1.9971299158205724e-5)
8
(0.035642376378003625, 2.1026440407800884e-5)
9
(0.029410300553304587, 1.2962836286378732e-5)
10
(0.044069951014844476, 4.431800008752873e-6)
11
(0.033941575144679784, 1.0880443921390537e-6)
12
(0.08460182386988384, 1.2404775246999122e-6)
13
(0.027544749266489917, 1.2554572226264327e-6)


opfid
[5,1,3] 0.0019858188321506165